{bar : [-0.18738131, -0.98228725],
 bax : [ 0.53582679, -0.84432793],
 bbo : [-0.42577929,  0.90482705],
 bpb : [-0.42577929, -0.90482705],
 bub : [-0.92977649, -0.36812455],
 cdd : [ 1.,  0.]),
 cme : [ 0.30901699, -0.95105652],
 con : [ 0.96858316, -0.24868989],
 gde : [ 0.30901699,  0.95105652],
 gib : [-0.63742399,  0.77051324],
 ibo : [ 0.06279052, -0.99802673],
 iel : [-0.92977649,  0.36812455],
 lan : [-0.9921147 , -0.12533323],
 lau : [-0.80901699, -0.58778525],
 lpb : [ 0.87630668, -0.48175367],
 lpe : [ 0.72896863, -0.68454711],
 obo : [-0.63742399, -0.77051324],
 ola : [ 0.96858316,  0.24868989],
 pro : [ 0.72896863,  0.68454711],
 rvd : [ 0.87630668,  0.48175367],
 saw : [-0.18738131,  0.98228725],
 tab : [ 0.06279052,  0.99802673],
 war : [-0.80901699,  0.58778525],
 whe : [-0.9921147 ,  0.12533323],
 wil : [ 0.53582679,  0.84432793]}
 
{'bar' : [-0.35460489, -0.93501624],
 'bax' : [ 0.35460489, -0.93501624],
 'bbo' : [-0.35460489,  0.93501624],
 'bpb' : [-0.56806475, -0.82298387],
 'bub' : [-0.97094182, -0.23931566],
 'cat' : [ 0.56806475, -0.82298387],
 'cdd' : [ 1.,  0.]),
 'cme' : [ 0.12053668, -0.99270887],
 'con' : [ 0.97094182, -0.23931566],
 'gde' : [ 0.35460489,  0.93501624],
 'gib' : [-0.56806475,  0.82298387],
 'ibo' : [-0.12053668, -0.99270887],
 'iel' : [-0.88545603,  0.46472317],
 'lan' : [ -1.0000000,  0.00000000],
 'lau' : [-0.88545603, -0.46472317],
 'lpb' : [ 0.88545603, -0.46472317],
 'lpe' : [ 0.74851075, -0.66312266],
 'obo' : [-0.74851075, -0.66312266],
 'ola' : [ 0.97094182,  0.23931566],
 'pro' : [ 0.74851075,  0.66312266],
 'rvd' : [ 0.88545603,  0.46472317],
 'saw' : [-0.12053668,  0.99270887],
 'tab' : [ 0.12053668,  0.99270887],
 'war' : [-0.74851075,  0.66312266],
 'whe' : [-0.97094182,  0.23931566],
 'wil' : [ 0.56806475,  0.82298387]}
 
 
herdLayout = {'bar' : [ 0.13426307, -0.53816364], 
              'bub' : [ 0.13508144, -0.22975496],  
              'bax' : [ 0.31588085, -0.18501160], 
              'cat' : [-0.89312635,  0.73123947], 
              'con' : [-0.23264139,  0.50181201], 
              'gib' : [-0.72999145,  0.83111162], 
              'lan' : [ 0.46999905, -0.51692227],  
              'lau' : [ 0.20128761, -0.69087122],  
              'ola' : [ 0.60590522, -0.77055854],  
              'saw' : [ 0.28474177, -0.11160737],  
              'tab' : [ 0.24773331, -0.02421425], 
              'whe' : [-0.11685254,  0.38189278],  
              'wil' : [ 0.37293368, -0.37846646], 
              'war' : [-0.79521428,  0.99951444]}

